Accuracy:  0.9998716632443532
Precision:  0.99987721021611
Recall:  0.9988738738738738
F1 score: 0.9993729640788465