Accuracy:  0.9997433264887063
Precision:  0.999756549459573
Recall:  0.9987509633527333
F1 score: 0.9992511795356769